0 6683.72 6446.07 5469.73 5379.56 2921.65 1952.35 4436.97 4076.78 6149.58 4366.44 3756.44 7604.96 3399.61 2328.69 3385.7 2288.68 3962.5 5784.22 2687.3 4945.64 6619.86 3643.93 4439.85 5763.13 4280.63 2215.44 3075.25 5136.45 4242.84 3819.81 3801.63 3678.71 1935.52 4117.48 4132.98 4304.81 3553.29 4751.59 2584.54 729.935 3748.05 3705.22 3588.22 1135.83 3392.98 951.255 3973.26 1716.86 4538.7 5569.11 2175.63 3570.59 3956.42 4013.75 5074.37 802.918 4310.28 4825.18 4764.73 6146.67 3352.24 5855.74 6229.1 3634.2 2257.92 5191.59 3727.64 3704 6488.71 4112.84 477.216 1915.43 7239.36 4616.66 1317.28 4486.02 3770.38 3806.21 1098.45 2052.64 1585.04 1856.69 4189.13 3612.36 5607.73 6424.85 4936.89 3560.26 3620.01 4158.51 1535.84 4447.55 4100.38 4214.22 5363.51 5468.54 1764.31 6589.57 1252.7 1835.8 2758.12 3918.33 2758.92 3039.72 3526.84 3954.07 4633.87 5546.01 5147.14 4519.49 5585.6 4435.6 5938.79 4783.4 5050.9 3581.97 872.464 5529.49 5219.11 
6683.72 0 2444.65 7529.85 12040.2 8564.12 7790.87 7100.08 10330.3 8078.75 10869.8 6887.25 1335.15 9633.77 4383.87 8573 6433.49 3778.6 3932.92 9329.05 11606.9 2093.07 10068.3 10974.8 1631.69 10948.6 8555.77 6432.73 4854.94 7060.22 10255.2 4903.24 5198.86 6838.52 3494.18 3257.01 5305.83 10228.3 11372.6 7597.2 6241.94 4375.44 4190.03 7160.5 7790.59 7456.87 7206.83 7708.92 7702.68 4048.18 6169.12 5823.01 3130.26 9845.53 6038.48 1613.6 7365.56 10534.5 6565.03 2700.66 8369.77 8638.2 7455.52 566.898 9369.83 7918.31 6689.72 9050.82 6869.28 8400.08 2711.58 6473.23 8598.77 923.349 2068.85 7990.44 4398.09 5667.62 8035.15 6247.16 4652.19 5433.99 4851.67 6362.28 10012.1 9133.46 8305.06 11620.4 5356.14 9130.54 7877.01 6696.52 11032.1 9987.71 9721.98 3578.13 9248.12 7568.35 8996.94 7922.51 8096.15 7678.86 10601.9 8944.23 9405.47 8115 2786.06 3512.41 1406.11 2568.97 5585.92 1598.03 2483.45 2928.79 9682.72 1632.99 8449.19 7334.74 2569.22 6493.49 
6446.07 2444.65 0 8961.32 11735.4 8940.34 8027.21 8304.38 10466.5 5971.73 10812.5 7915.39 2021.85 9769.2 4225.29 7343.38 7032.74 2585.37 1677.45 9108.06 11306.5 410.889 10078.9 10884 1166.65 10637.9 7835.85 7299.81 2803.96 5350.14 10258.1 6116.3 6359.38 5894.28 4757.61 2314.37 3545.11 9905.79 11162.5 8116.55 5817.45 3043.02 2958.46 8093.02 7573.97 8275.02 7213.75 6144.67 6934.32 2370.79 4025.29 6403.93 3556.47 10173.3 4360.91 2620.41 7232.61 10692.8 4647.62 4209.22 9835.13 7435.63 5347.96 2032.85 8257.15 8236.75 4678.67 9585.6 7883.55 9951.18 2566.94 6408.25 8246.64 1982.57 2788.97 7733.42 2666.34 6835.9 8869.39 5660.56 4737.71 4908.25 4911.91 4630.65 10041.5 7303.93 6164.9 11177.7 3890.77 7950.64 6276.15 7008.36 10350.4 10321 8477.21 5412.6 7476.74 7795.96 6907.21 7675.63 7389.39 8240.23 10204.8 8093.8 9451.84 6750.38 2824.88 5047.32 3140.39 4290.18 3736.92 1391.68 2225.52 711.337 8214.4 2515.52 9107.85 6853.57 4483.07 8015.2 
5469.73 7529.85 8961.32 0 8127.55 3991.62 4227.87 1033.89 5634.04 11316.6 6567.04 1715.51 8859.57 5234.95 5682.79 8833.01 3183.46 7555.99 9315.09 6184.69 7805.45 8871.65 5863.01 6738.09 7826.78 7392.91 7330.1 2410.73 9281.39 9443.95 5996.69 2858.72 2651.87 7336.29 4212.37 7302.98 8811.49 6982.55 7368.58 3305.74 5928.79 7773.03 7595.89 1950.37 5589.26 2308.28 4833.24 9361.31 7132.45 8321.19 10216 3467.1 5531.48 4755.64 8894.22 6403.61 5256.68 5695.58 9769.89 4879.95 875.193 8787.02 10899.7 7452.17 8915.63 3995.55 10112.4 3682.41 1767.79 1078.21 6566.71 5007.72 6259.08 8437.16 6173.81 5763.25 8483.96 2210.73 2311.64 6329.09 5106.76 6179.68 5071.43 9168.45 5772.68 11046.5 11601.7 8251.18 8185.51 8985.31 9557.01 3954.87 8594.94 4822.65 9531.21 4023.19 10925.5 4219.23 11898.4 5713.68 7102.12 3177.09 7438.47 7898.45 5395.2 8992.62 6290.81 4033.16 6164.55 4961.43 9123.48 7592.18 6856.89 8859.55 10214.1 6489.88 3027.95 6229.18 5000 1061.01 
5379.56 12040.2 11735.4 8127.55 0 4248.29 4548.68 7348.52 2504.48 9410.11 1560.78 6871.87 12984.3 2930.26 7708.24 5542.28 6167.99 9168.65 10815.3 2711.51 433.968 11945.2 2309.32 1389.46 11130.7 1101.2 4095.07 6683.61 9909.87 7918.98 2152.38 8230.07 7973.01 6048.81 9106.9 9431.7 8945.86 1833.76 769.525 5209.61 5933.67 8812.86 8836.85 6486.21 4254.09 6031.55 4864.48 7131.65 4950.53 9600.71 9819.89 6602.23 8910.83 3396.85 8321.93 10426.6 4674.84 2484.86 8833.13 9874.78 8276.61 5413.64 9453.55 11601.2 4699.39 4580.91 9151.61 4448.03 6839.95 8687.42 9490.53 5567.58 3496.22 12618.4 9971.86 4062.45 9448.62 7762.8 5835.39 6075.94 7388.01 6835.51 7188.52 8307.42 2396.11 7875 9601.86 826.659 8264.57 5070.9 7192.1 5568.14 2143.95 3356.43 5070.04 10114.7 7571.43 4723.41 9319.42 4128.04 4477.64 5251.84 1552.42 4104.84 2906.46 6247.32 9333.34 9503.52 10833.1 10228.4 9024.23 10959.2 9809.28 11166 6060.31 10411.5 5108.59 4881.89 10564 8580.45 
2921.65 8564.12 8940.34 3991.62 4248.29 0 978.045 3126.38 1908.24 8963.33 2725.7 2623.65 9706.79 1322.76 4732.67 5633.91 2165.37 6663.29 8548.81 2245.32 3886.48 9033.85 1939.09 2884.1 8057.88 3419.42 3848.54 2495.72 8012.27 7079.63 2099.19 4138.21 3853.8 4725.02 5248.71 6705.89 7215.29 2992.76 3478.77 1030.81 3644.79 6558.28 6477.91 2239.3 2264.67 1786.73 1970.62 6666.69 4029.47 7322.05 8490.63 2746.8 5551.78 1281.61 6931.11 7004.26 2222.51 2065.85 7727.42 6071.33 4323.17 5550.52 8722.09 8228.89 5416.5 710.733 8093.85 825.438 2591.69 4730.61 6406.97 2707.42 2579.63 9298.87 6587.74 2330.13 7318.13 3576.13 1690.04 4018.84 4202.78 4406.2 4029.6 7093.21 1852.22 8141.28 9228.98 4278.87 6473.14 5590.72 6828.73 1934.43 4627.32 1423.68 6033.87 6053.09 7940.02 1192.85 9298.04 2316.48 3795.07 1027.69 3447.17 4360.53 1406.91 6029.61 6177.2 5535.53 7217.26 6377.72 7438.55 7845.29 6753.25 8539.01 6881.72 7025.89 1036.11 3233.55 6657.13 4340.77 
1952.35 7790.87 8027.21 4227.87 4548.68 978.045 0 3244.05 2539.62 8045.68 3160.38 2616.68 8886.27 1846 3804.72 4867.3 1621.55 5705.29 7584.76 2074.13 4142.73 8138.08 2335.71 3291.2 7183.32 3569.49 3178.36 2218.83 7034.81 6150.47 2520.99 3683.68 3433.64 3801.21 4611.32 5768.69 6238.24 2984.44 3800.33 924.955 2670.89 5585.78 5509.63 2295.5 1462.41 1922.5 1002.36 5783.37 3202.06 6353.77 7520.14 2076.31 4716.66 2146.48 5965.92 6203.26 1303.73 2744.61 6771.73 5410.21 4724.52 4796.13 7783.41 7423.52 4776.06 319.429 7138.27 1775.29 2571.62 5112.3 5519.7 1730.75 2032.71 8486.43 5771.82 1592.09 6344.06 3265.33 2121.41 3050.81 3302.18 3429.47 3119.82 6136.3 2267.29 7315.65 8315.29 4398.98 5496.64 4901.01 5953.44 1095.44 4460.94 2294.27 5397.97 5567.09 7132.81 231.4 8418.73 1556.41 3037.82 1070.19 3444.64 3730.3 1675.71 5197.52 5301.68 4971.81 6482.29 5744.01 6463.8 6977.05 5864.46 7603.57 6177.96 6214.61 1707.27 2350.99 6057.77 4338.96 
4436.97 7100.08 8304.38 1033.89 7348.52 3126.38 3244.05 0 4895.93 10328.5 5798.56 681.617 8406.46 4422.27 4779.09 7799.23 2153.04 6710.29 8519.96 5251.22 7002.09 8253.05 5049.74 5965.2 7202.99 6545.47 6309.37 1391.82 8405.74 8445.86 5197.85 2222.67 1953.28 6311.49 3645.19 6500.99 7886.21 6086.53 6581.09 2334.54 4907.46 6883.35 6716.82 948.549 4572.05 1358.76 3805.33 8341.2 6098.98 7472.69 9288.35 2474.29 4789.72 4053.11 7928.36 5828.41 4229.52 4988.74 8802.98 4401.02 1767.51 7753.57 9926.14 6951.71 7890.62 3034.12 9150.35 2970.6 733.905 2068.74 5826.55 3976.57 5265.78 7980.17 5545.29 4751.28 7612.73 1472.74 1540.92 5310.67 4187.54 5196.16 4133.05 8193.79 4960.68 10020.5 10613 7404.74 7239.02 7955.25 8535.82 2921.08 7664.2 4141.87 8504.8 3781.96 9896.24 3217.48 10892.2 4699.7 6073.42 2223.28 6547.36 6879.22 4530.16 7961.27 5550.98 3599.96 5700.96 4556.25 8190.77 6967.96 6136.62 8139.69 9181.08 5901.56 2262.3 5195.9 4675.68 1250.41 
4076.78 10330.3 10466.5 5634.04 2504.48 1908.24 2539.62 4895.93 0 9501.7 951.469 4473.92 11414.8 702.12 6250.82 5774.27 4035.78 8034.31 9859.03 1860.38 2222.02 10605.1 619.429 1125.24 9678.83 1978.48 3942 4403.21 9157.41 7730.56 580.97 6043.05 5760.86 5468.85 7108.38 8169.72 8267.51 1949.94 1765.41 2935.96 4780.59 7819.37 7781.75 4081.63 3030.11 3625.34 3252.74 7129.32 4501.68 8612.95 9402.84 4575.94 7246.01 893.395 7823.79 8740.08 3273.86 236.747 8520.4 7921.07 5773.47 5662.91 9379.27 9958.36 5245.85 2440.04 8876.82 1951.77 4447.79 6184.71 8009.06 4058.8 2733.45 11018.3 8305.57 2944.32 8546.06 5481.93 3363.05 5068.22 5794.89 5661.81 5604.24 7912.9 582.491 8336.49 9741.78 2772.85 7527.99 5527.72 7252.97 3634.78 3562.35 867.72 5802.79 7957.51 8081.78 2762.27 9657.38 2979.08 4109.31 2934.15 2272.37 4282.6 1042.83 6342.45 7803.75 7423.43 9018.82 8241.71 8433.98 9479.09 8350.29 9994.54 6770.26 8749.08 2635.86 3983.37 8535.76 6141.2 
6149.58 8078.75 5971.73 11316.6 9410.11 8963.33 8045.68 10328.5 9501.7 0 9293.52 9682.31 7991.67 8982.49 5807.9 3876.21 8236.99 4599.76 4294.37 7650.55 9076.79 6379.42 8906.53 9266.07 6447.81 8529.22 5586.44 8942.96 3229.37 1908.73 9020.7 8864.7 8919.25 4244.47 8188.39 5123 2921.28 7953.98 9187.99 8733.51 5513.66 4073.66 4297.38 9605.46 6727.24 9487.84 7060.74 2373.01 5026.54 4082.23 1946.55 7855.12 6652.68 9739.94 2492.5 7191.51 6747.95 9728.18 1661.7 8243.65 12094.7 4003.56 626.256 7527.21 4728.08 8363.28 1423.15 9788.59 9631.52 12387.6 6014.32 6521.77 6774.63 7903.05 6935.13 6715.9 3740.2 9235.47 9942.92 5100.91 6302.64 5136.98 6293.96 2179 8924.77 1884.83 285.585 8617.29 3284.15 4348.05 2261.72 7623.61 7363.82 9864.62 4483.84 9450.6 2193.11 7885.61 935.753 6708.96 5393.48 8906.91 7984.57 5374.27 8541.48 3203.51 6178.26 8747.83 7965.35 8558.85 2591.77 6494.36 5998.93 5295.46 3643.49 7076.42 9723.72 5734.09 8933.97 10774.8 
4366.44 10869.8 10812.5 6567.04 1560.78 2725.7 3160.38 5798.56 951.469 9293.52 0 5341.2 11895.2 1404.14 6650.43 5461.94 4748.57 8307.13 10069.4 1766.93 1271.82 10982.4 825.604 173.776 10100.6 1125.6 3716.1 5201.12 9278.49 7611.6 643.338 6796.8 6526.84 5470.01 7771.01 8499.09 8350.5 1378.2 813.945 3720.69 5017.29 8029.84 8018.22 4952.2 3242.67 4495.88 3673.45 6930.42 4420.98 8827.86 9390.4 5236.63 7750.16 1844.4 7828.82 9262.7 3586.55 973.693 8458.88 8565.31 6723.38 5341.54 9233.01 10466.3 4806.28 3137.5 8803.79 2887.33 5311.46 7134.89 8434.59 4448.39 2698.59 11511 8816.75 3099.1 8724.55 6284.15 4278.46 5245.45 6252.82 5924.5 6055.81 7877.36 899.553 7981.05 9517.41 1849.2 7627.3 5127.48 7031.83 4234.69 2785.88 1815.89 5312.93 8701.84 7706 3360.6 9359.04 3151.24 3979.81 3745.97 1546.71 3943.03 1486.15 6093.32 8249.62 8127.61 9601.47 8903 8482.6 9912.44 8767.97 10296.5 6306.59 9260.72 3550.94 4080.8 9218.09 7036.14 
3756.44 6887.25 7915.39 1715.51 6871.87 2623.65 2616.68 681.617 4473.92 9682.31 5341.2 0 8165.71 3943.61 4216.12 7117.7 1476.35 6184.06 8025.52 4659.1 6508.22 7892.85 4562.74 5502.8 6846.21 6018.78 5639.07 743.058 7849.48 7792.93 4721.42 1994.62 1692.17 5637.66 3393.83 6011.06 7292.14 5522.27 6102.34 1734.4 4237.45 6320.82 6163.57 393.012 3906.23 848.58 3129.82 7670.68 5417.73 6940.81 8689.86 1844.58 4366.11 3676.63 7301.77 5522.71 3554.49 4591.14 8174.47 4196.1 2418.3 7072.32 9291.42 6688.96 7216.26 2433.04 8525.29 2621.45 52.4537 2739.37 5391.65 3297.71 4620.69 7739.83 5202.19 4090.14 7062.34 1243.36 1259.52 4642.98 3615.52 4559.93 3543.54 7559.81 4475.76 9345.04 9966.22 6874.86 6629.29 7276.76 7864.38 2239.59 7066.33 3781.74 7829.21 3772.35 9218.28 2571.04 10231.9 4036.77 5396.32 1648.22 5985.08 6209.95 4003.95 7281.72 5119.21 3456.66 5481.15 4402.91 7590.16 6612.78 5714.61 7704.24 8500.18 5584.87 1901.9 4514.84 4578.41 1738.19 
7604.96 1335.15 2021.85 8859.57 12984.3 9706.79 8886.27 8406.46 11414.8 7991.67 11895.2 8165.71 0 10713.6 5276.39 9079.63 7615.07 4189.78 3698.5 10286.9 12550.5 1612.56 11111.4 11989.5 1919.83 11884.7 9307.24 7676.79 4801.43 7271.51 11296.9 6196.26 6486.29 7466.25 4775.72 3747.26 5461.48 11155.4 12347.9 8770.23 7083.5 4747.51 4604.98 8423.44 8734.92 8699.03 8222.3 8017.99 8423.14 4218.37 6045.15 6991.67 4169.76 10983.4 6258.55 2708.85 8334.75 11627 6628.58 4007.11 9702.34 9159.65 7367.15 1490.11 9943.71 9039.17 6681.83 10238.6 8145.21 9735.05 3495.88 7453.24 9501.21 426.45 3119.38 8922.24 4549.47 6960.41 9284.41 7022.76 5642.66 6216.13 5839.45 6552.22 11060.9 9275.42 8186.57 12509.7 5688.08 9667.98 8165 7801.87 11819.4 11127.9 10229.5 4912.17 9432.09 8658.79 8926.79 8857.28 8848.41 8863.35 11503 9641.01 10455.5 8544.08 3653.92 4834.07 2707.15 3898.35 5687.95 2050.52 3187.49 2701.73 10063.8 2681.23 9662.94 8171.7 3903.5 7826.27 
3399.61 9633.77 9769.2 5234.95 2930.26 1322.76 1846 4422.27 702.12 8982.49 1404.14 3943.61 10713.6 0 5551.11 5341 3378.75 7348.91 9183.74 1462.5 2580.38 9905.23 629.008 1561.37 8977 2168.34 3490.79 3799.95 8505.86 7175.25 778.083 5410.9 5135.94 4875.75 6436.51 7475.56 7629.75 1888.86 2161.18 2320.05 4112.1 7147.11 7103.81 3556.69 2388.78 3101.56 2556.33 6617.61 3958.11 7938.31 8795.73 3899.86 6545.3 838.163 7215.14 8041.27 2597.9 923.784 7935.94 7244.2 5468.31 5236.79 8829.73 9258.65 4906.05 1769.43 8295.95 1614.76 3912.67 5880.73 7307.34 3363.44 2218.56 10317.7 7605.67 2327.66 7880.14 4882.94 2926.32 4414.6 5092.82 4983.32 4902.32 7320.01 539.171 7907.62 9230.13 3021.86 6887.21 5155.55 6752.32 2941.26 3567.98 926.999 5491.36 7321.52 7667.58 2065.72 9187.15 2354.38 3598.72 2341.94 2302.99 3894.16 444.143 5865 7101.66 6767.52 8328.25 7570.32 7807.29 8777.06 7648.77 9302.72 6427.57 8049.34 2207.42 3368.43 7871.91 5650.6 
2328.69 4383.87 4225.29 5682.79 7708.24 4732.67 3804.72 4779.09 6250.82 5807.9 6650.43 4216.12 5276.39 5551.11 0 4586.56 3002.71 2009.85 3901.37 5011.79 7274.33 4354.34 5889.27 6735.84 3450.28 6609.09 4207.6 3493.27 3633.38 4067.84 6071.87 3062.26 3140.65 2730.47 2524.04 1976.01 3133.93 5880.82 7074.6 3975.53 1861.79 2105.8 1948.45 4270.07 3459.26 4329.12 3002.2 4301.6 3397.74 2745.69 4537.8 2426.71 1362.02 5951.18 3318.53 2791.95 3068.93 6474.8 4181.18 2880.49 6520.14 4617.84 5322.46 3910.81 5222.53 4024.4 4500.86 5416.19 4171.79 6759.62 1787.88 2205.42 4232.29 4911.44 2335.32 3645.91 2847.52 3503.98 4900.61 1920.14 605.04 1146.78 725.98 3629.68 5846.31 6007.67 6091.78 7250.45 2552.03 5055.09 4503.89 2815.8 6654.44 6098.97 5676.47 3863.57 5992.88 3573.8 6518.44 3580.89 3752.57 4116.38 6237.03 4640.72 5248.74 4339.71 1626.38 3107.67 3352.66 3264.11 3452.83 3264.82 2117.81 3806.68 5897.33 2754.87 5007.95 2952.18 3672.45 5017.36 
3385.7 8573 7343.38 8833.01 5542.28 5633.91 4867.3 7799.23 5774.27 3876.21 5461.94 7117.7 9079.63 5341 4586.56 0 5665.9 4890.31 5992.12 3917.93 5201.98 7666.31 5160.5 5421.53 7177.56 4654.94 1850.61 6456 4885.99 2472.37 5252.92 7066.23 6988.86 1857.85 7025.48 5358.21 3931.45 4100.96 5314.56 5726.37 3114.65 4339.14 4474.65 6913.99 3407.49 6656.11 4035.15 1615.11 1703.46 4975.09 4443.05 5542.58 5912.66 6152.87 3150.5 7143.34 3626.8 5989.03 3425.16 7465.29 9468.44 129.063 3917.69 8023.65 975.256 5177.58 3702.04 6435.34 7065.51 9827.41 5890.88 3861.01 3143.99 8819.15 6724.17 3308.7 4703.35 7131.47 6969.01 2815.25 4743.53 3453.55 4614.37 3015.91 5191.81 2567.16 4081.22 4761.62 3454.46 617.975 1653.96 4878.15 3553.24 6260.72 1151.93 8361.21 2330.03 4778.07 3899.18 3330 1840.15 5893.45 4109.94 1518.92 4898.26 728.444 5884.66 7599.13 7822.44 7850.15 3883.36 7092.39 6090.37 6658.12 1402.4 7069 6559.87 2607.1 8258.23 8602.56 
2288.68 6433.49 7032.74 3183.46 6167.99 2165.37 1621.55 2153.04 4035.78 8236.99 4748.57 1476.35 7615.07 3378.75 3002.71 5665.9 0 5012.47 6900.52 3654.39 5763.89 7076.62 3923.91 4887.86 6061.77 5188.78 4274.77 791.454 6588.1 6339.22 4105.31 2062.4 1814.1 4161.53 3083.51 4930.76 5952.78 4585.18 5415.69 1164.97 2764.34 5061.25 4928.01 1369.6 2592.97 1334.13 1768.77 6196.02 3974.11 5744.04 7334.16 632.479 3520.74 3439.45 5895.58 4906.32 2186.06 4213.27 6762 3906.16 3888.98 5625.94 7865.55 6127.54 5821.25 1612.36 7118.35 2623.56 1424.01 4215.67 4465.92 1824.28 3397.07 7199.92 4511.37 2799.34 5821.67 1690.05 1897.96 3172.12 2403.55 3149.38 2283.06 6138.81 3849.18 7868.72 8519.72 6011.91 5260.8 5855.78 6389.13 821.421 5978.83 3577.08 6425.4 3954.83 7743.2 1468.45 8766.55 2737.15 3991.7 1248.38 5040.69 4847.11 3277.19 5809.16 4212.49 3389.3 5068.53 4213.6 6235.25 5838.64 4808.91 6718.56 7056.92 4939.39 2079.02 3077.28 4500.38 2980.92 
3962.5 3778.6 2585.37 7555.99 9168.65 6663.29 5705.29 6710.29 8034.31 4599.76 8307.13 6184.06 4189.78 7348.91 2009.85 4890.31 5012.47 0 1897.37 6575.15 8742.07 2845.98 7604.53 8368.19 2291.26 8074.73 5251.62 5476.71 1761.14 3309.14 7778.59 4773.95 4924.97 3324.76 3773.3 542.395 1679.34 7344.56 8615.41 5965.12 3289.86 598.286 418.346 6263.17 5066.14 6337.17 4806.65 3930.33 4350.54 765.212 2922.77 4430.11 2193.78 7835.15 2301.54 2618.93 4763.68 8266.24 2962.72 3685.16 8414.66 4969.87 4014.07 3213.41 5758.79 5952.76 3178.52 7382.38 6142.08 8621.16 1415.62 4003.42 5692.68 3933.24 2336.29 5210.08 975.356 5346.02 6910.29 3095.18 2610.58 2384.04 2732.96 2638.46 7574.43 5396.92 4861.45 8597 1579.29 5478.51 4099.05 4784.69 7768.14 7982.42 6040.86 4935.3 5490.73 5478.86 5458.43 5156.33 4804.21 6111.21 7631.17 5523.29 7000.91 4372.72 1598.15 4286.58 3390.33 3978.27 2008.51 2224.6 1420.99 1998.78 5921.7 2510.28 7005.65 4290.11 4343.23 6784.1 
5784.22 3932.92 1677.45 9315.09 10815.3 8548.81 7584.76 8519.96 9859.03 4294.37 10069.4 8025.52 3698.5 9183.74 3901.37 5992.12 6900.52 1897.37 0 8313.17 10398.3 2085.93 9401.12 10117.5 2341.96 9739.15 6773.12 7333.98 1179.94 3801.59 9569.76 6476.47 6663.72 4790.93 5295.39 2018.98 2065.61 9019.78 10313.8 7862.46 5080.31 2042.4 2082.15 8126.62 6851.53 8219.31 6663.78 4647.28 5883.18 1246.19 2348.08 6308.58 3798.01 9702.48 2874.57 3511.82 6586.62 10093.3 3021.71 4974.02 10184.5 6096.84 3670.92 3424.18 6945.35 7839.08 3020.29 9276.17 7985.66 10362.9 2786.96 5868.39 7401.56 3630.68 3461 6975.48 1367.91 7110.07 8796.89 4824.3 4497.03 4200.95 4626.56 3097.24 9377.16 5674.44 4488.25 10185.5 2601.67 6609.55 4756.45 6680.69 9234.32 9849.14 7088.26 6252.52 5864.97 7360.36 5229.92 6927.48 6354.93 8008.52 9263.8 6940.56 8818.83 5342.18 3055.55 5722.78 4217.66 5169.33 2180.62 2464.68 2555.25 1021.43 6718.82 3388.5 8902.82 5997.08 5457.36 8475.27 
2687.3 9329.05 9108.06 6184.69 2711.51 2245.32 2074.13 5251.22 1860.38 7650.55 1766.93 4659.1 10286.9 1462.5 5011.79 3917.93 3654.39 6575.15 8313.17 0 2278.77 9296.34 1256.23 1804.86 8450.37 1628.72 2081.62 4292.57 7511.65 5906.41 1374.71 5691.96 5462.35 3711.62 6448.57 6794.4 6584.27 945.273 2064.32 2925.7 3291.88 6277.09 6273.38 4311.61 1552.69 3895.01 2168.96 5277.55 2685.7 7074.62 7642.28 3999.14 6199.43 2299.31 6074 7715.47 1963.5 2081.41 6727.1 7196.25 6564.37 3808.51 7546.47 8893.31 3444.37 2226.06 7077.48 2873.06 4617 6969.9 6798.51 2856.11 933.861 9916.19 7261.05 1376.48 6963.57 5328.64 3918.52 3494.04 4677.11 4202 4477.63 6134.71 1278.73 6483.25 7887.58 2388.03 5860.38 3700.65 5397.12 2955.41 2413.28 2388.37 4029.02 7525.84 6233.85 2189.91 7797.06 1437.17 2268.2 3028.03 1389.77 2442.71 1042.04 4482.65 6633.23 6876.85 8125.8 7557.77 6719.96 8272.57 7122.7 8571.1 4967.18 7701.2 3280.35 2317.8 7905.92 6394.09 
4945.64 11606.9 11306.5 7805.45 433.968 3886.48 4142.73 7002.09 2222.02 9076.79 1271.82 6508.22 12550.5 2580.38 7274.33 5201.98 5763.89 8742.07 10398.3 2278.77 0 11514.5 1952.36 1098.56 10697.6 669.109 3699.61 6296.42 9503.09 7550.51 1809.38 7826.26 7572.73 5640.74 8685.5 9001.53 8541.78 1402.01 462.706 4828.2 5502 8391.31 8412.77 6125.6 3820.19 5673.07 4435.26 6777.67 4543.49 9180.61 9437.46 6187.37 8477.71 3113.18 7928.77 9993.34 4241.78 2236.85 8456.8 9450.05 7987.36 5074.04 9102.23 11167.3 4388.98 4187.18 8779.72 4138.12 6474.85 8399.35 9056.8 5134.61 3064.51 12184.4 9538.45 3628.51 9032.44 7372.68 5502.66 5648.22 6954.67 6404.79 6755.18 7922.35 2041.51 7581.38 9274.83 675.982 7855.17 4753.31 6845.22 5150.49 1922.98 3087.66 4792.43 9704.91 7282.88 4312.34 9015.93 3694.07 4071.46 4877.53 1146.26 3739.73 2519.69 5897.82 8899.39 9087.44 10402.3 9805.15 8626.35 10525.8 9375.8 10740 5790.02 9977.96 4778.99 4453.63 10143.1 8226.29 
6619.86 2093.07 410.889 8871.65 11945.2 9033.85 8138.08 8253.05 10605.1 6379.42 10982.4 7892.85 1612.56 9905.23 4354.34 7666.31 7076.62 2845.98 2085.93 9296.34 11514.5 0 10235.8 11059.3 1050.06 10845.4 8091.57 7300.67 3200.59 5722.95 10416.8 6046.19 6301.02 6170.03 4659.29 2515.18 3913.39 10112.5 11356.7 8181.8 6014.22 3340.64 3237.16 8088.25 7753.23 8291.04 7355.51 6504 7191.95 2710.21 4432.87 6444.84 3566.38 10280.3 4724.87 2478.55 7396.51 10828.8 5039.31 4057.74 9742.54 7755.45 5755.16 1730.84 8568.39 8335.67 5078.58 9656.23 7863.23 9842.48 2628.02 6554.46 8450.51 1576.3 2708.73 7919.91 3020.15 6780.65 8886.03 5880.76 4836.83 5109.71 5018.38 5002.63 10195.3 7693.62 6574.07 11406.1 4222.3 8269.47 6640.16 7099.42 10610.3 10427.7 8805.92 5222.32 7861.45 7906.7 7314.69 7860.2 7640.84 8299.29 10423.6 8369.12 9600.49 7088 2868.28 4906.91 2918.21 4104.18 4117.33 1285.16 2281.57 1098.77 8569.01 2385.06 9155.52 7068.17 4266.31 7903.89 
3643.93 10068.3 10078.9 5863.01 2309.32 1939.09 2335.71 5049.74 619.429 8906.53 825.604 4562.74 11111.4 629.008 5889.27 5160.5 3923.91 7604.53 9401.12 1256.23 1952.36 10235.8 0 965.474 9335.81 1552.74 3334.74 4390.36 8659.81 7152.91 187.103 5974.67 5706.73 4920.12 6946.9 7770.31 7753.74 1375.02 1539.85 2911.07 4324.11 7358.73 7333.43 4177.75 2549.62 3723.79 2893.3 6533.52 3925.66 8155.62 8857.31 4411.7 6955.78 1307.3 7281.77 8464.63 2848.04 828.581 7959.02 7743.15 6084.2 5048.19 8796.99 9673.21 4626.58 2313.93 8312.64 2224.71 4530.67 6496.77 7666.66 3683.92 2156.63 10723.1 8021.47 2436.54 8072 5472.69 3555.13 4585.15 5470.16 5221.62 5274.8 7358.28 90.4983 7720.74 9143.8 2400.04 7019.24 4908.55 6653.31 3414.15 3031.69 1340.68 5185.12 7877.93 7464.53 2538.2 9048.08 2479.33 3519.99 2945.81 1744.72 3664.96 665.55 5737.13 7474.23 7302 8789.42 8079.3 7907.8 9143.22 8003.33 9582.41 6151.15 8465.69 2835.12 3461.51 8393.07 6275.43 
4439.85 10974.8 10884 6738.09 1389.46 2884.1 3291.2 5965.2 1125.24 9266.07 173.776 5502.8 11989.5 1561.37 6735.84 5421.53 4887.86 8368.19 10117.5 1804.86 1098.56 11059.3 965.474 0 10185.9 989.794 3700.39 5352.53 9311.46 7603.07 789.796 6940.01 6672.18 5488.6 7898.76 8569.78 8377.78 1322.42 640.173 3872.35 5079.11 8080.3 8073.28 5114.51 3310.16 4658.48 3771.64 6908.17 4428.75 8878.07 9399.07 5367.09 7851.63 2018.15 7842.74 9365.87 3667.99 1142.93 8459.69 8689.44 6896.95 5299.73 9217.19 10566.2 4742.74 3279.01 8802.03 3059.33 5472.54 7308.49 8521.95 4537.97 2728.77 11607.6 8918.34 3158.15 8768.43 6435.32 4447.4 5296.18 6348.75 5988.08 6151.05 7883.79 1044.57 7927.27 9486.69 1684.02 7658.6 5070.78 7005.19 4358.16 2656.75 1989.37 5237.68 8842.39 7648.67 3487.23 9314.54 3212.75 3980.88 3901.3 1443.26 3903.45 1615.57 6063.39 8340.66 8261.91 9714.58 9029.74 8503.49 9999.79 8853.63 10360.6 6234.36 9362.03 3720.16 4122.64 9348.14 7201.32 
5763.13 1631.69 1166.65 7826.78 11130.7 8057.88 7183.32 7202.99 9678.83 6447.81 10100.6 6846.21 1919.83 8977 3450.28 7177.56 6061.77 2291.26 2341.96 8450.37 10697.6 1050.06 9335.81 10185.9 0 10029.5 7394.99 6261.63 3223.27 5489.66 9519.19 4996.86 5250.98 5546.53 3615.33 1829.29 3707.02 9297.63 10514.7 7181.3 5205.27 2867.82 2709.37 7046.55 6898.61 7257.84 6443.84 6184.8 6507.65 2443.24 4538.2 5429.3 2541.81 9316.2 4466.54 1455.03 6518.23 9898.53 4949.26 3043.76 8698.68 7254.44 5824.22 1091.91 8030.28 7366.96 5063.21 8657.87 6817.1 8804.52 1670.24 5653.82 7637.14 1642.16 1658.97 7077.07 2791.21 5730.59 7852.65 5122.02 3885.74 4322.16 4074.78 4780.68 9290.93 7544.97 6673.41 10630.7 3832.75 7760.29 6342.95 6126.07 9910.58 9463.01 8328.99 4248.09 7674.04 6952.52 7367.57 7014.28 6937.04 7293.55 9631.46 7722.27 8690.37 6662.82 1882.25 3884.89 1998.92 3125.62 3974.46 235.211 1332.79 1388.41 8203.84 1352.81 8140.13 6285.36 3330.36 6866.58 
4280.63 10948.6 10637.9 7392.91 1101.2 3419.42 3569.49 6545.47 1978.48 8529.22 1125.6 6018.78 11884.7 2168.34 6609.09 4654.94 5188.78 8074.73 9739.15 1628.72 669.109 10845.4 1552.74 989.794 10029.5 0 3073.9 5757.94 8855.33 6954.8 1456.67 7247.7 7002.47 4993.48 8064.41 8332.52 7897.62 732.909 660.551 4309.04 4832.95 7728.01 7747.29 5644.08 3158.81 5198.23 3795.56 6204.41 3898.89 8518.54 8820.56 5585.32 7820.83 2827.11 7298.81 9335.42 3586.55 2062.61 7849 8819.87 7635.32 4528.75 8528.72 10505.6 3895.49 3643.75 8177.69 3776.88 5982.56 8047.85 8390.33 4479.32 2395.45 11520 8879.86 2964.14 8374.33 6825.03 5081.3 4980.34 6296.83 5735.7 6097.39 7303.16 1642.48 7096.43 8736.11 859.56 7204.92 4245.07 6282.27 4543.38 1667.57 2832.06 4348.38 9110.8 6806.68 3725.15 8512.37 3030.39 3428.9 4373.79 545.154 3162.23 2016.85 5333.76 8234.7 8479.19 9753.85 9178.8 7989.85 9858.39 8708.5 10072.9 5349.65 9318.54 4370.11 3785.54 9522.37 7750.44 
2215.44 8555.77 7835.85 7330.1 4095.07 3848.54 3178.36 6309.37 3942 5586.44 3716.1 5639.07 9307.24 3490.79 4207.6 1850.61 4274.77 5251.62 6773.12 2081.62 3699.61 8091.57 3334.74 3700.39 7394.99 3073.9 0 5054.67 5824.93 3905.82 3439.89 5998.87 5855.5 1982.2 6306.54 5597.76 4856.14 2417.84 3708.14 4085.87 2364.81 4824.54 4882.01 5380.52 1743.27 5063.7 2516.46 3217.24 901.888 5589.94 5747.08 4319.62 5557.52 4302.77 4229.17 6989.94 2092.79 4162.08 4781.4 6908.11 7887.18 1748.83 5517.46 8051.11 1598.09 3470.01 5115.92 4629.4 5588.62 8266.46 5861.82 2655.97 1301.07 8983.81 6536.57 1587.17 5406.39 5893.95 5299.22 2308.61 4120.47 3121.97 3942.12 4229.38 3360.19 4416.84 5817.46 3418.98 4190.96 1742.35 3326.51 3453.5 2519.86 4410.13 2219.81 7573.33 4179.42 3134.8 5715.55 1628.01 460.198 4242.3 2553.93 572.621 3047.8 2402.72 5769.73 6836.81 7555.99 7295.53 4929.16 7257.21 6138.2 7217.44 3033.19 6943.86 4819.67 1353.89 7688.42 7254.57 
3075.25 6432.73 7299.81 2410.73 6683.61 2495.72 2218.83 1391.82 4403.21 8942.96 5201.12 743.058 7676.79 3799.95 3493.27 6456 791.454 5476.71 7333.98 4292.57 6296.42 7300.67 4390.36 5352.53 6261.63 5757.94 5054.67 0 7124.45 7056.51 4562.74 1679.7 1380.8 4925.63 2959.28 5327.11 6553.57 5199.64 5918.87 1480.43 3518.39 5594.38 5441.7 797.668 3352.71 1024.15 2540.4 6951.61 4765.43 6228.95 7949.85 1101.99 3743.54 3693.06 6558.74 4993.33 2962.31 4552.57 7431.54 3786.64 3152.76 6416.82 8549.16 6189.04 6608.83 2114.34 7782.24 2725.67 693.985 3460.44 4751.25 2606.52 4127.24 7253.64 4641.89 3552 6340.76 1083.06 1608.01 3920.05 2889.88 3817.5 2809.89 6817.36 4308.59 8635.93 9227.11 6600.34 5887.5 6646.68 7146.87 1604.53 6664.38 3816.63 7214.53 3582.9 8517.02 2116.96 9500.67 3492.72 4779.97 1469.15 5661.09 5627.28 3777.99 6588.46 4483.15 3135.08 5034.16 4041.87 6849.92 6030.88 5082.55 7053.74 7847.96 5044.76 2055.42 3868.69 4271.83 2201.62 
5136.45 4854.94 2803.96 9281.39 9909.87 8012.27 7034.81 8405.74 9157.41 3229.37 9278.49 7849.48 4801.43 8505.86 3633.38 4885.99 6588.1 1761.14 1179.94 7511.65 9503.09 3200.59 8659.81 9311.46 3223.27 8855.33 5824.93 7124.45 0 2626.95 8819.48 6526.68 6667.48 3862.43 5525.08 2164.67 976.078 8151.19 9455 7436.08 4408.56 1530.61 1688.94 7894.29 6127.31 7922.23 6064.7 3485.01 4959.78 1027.19 1320.29 6044.82 3948.9 9092.87 1738.04 4104.17 5922.64 9393.9 1848.57 5374.85 10132.1 4996.17 2604.05 4308.8 5851.67 7313.82 1880.6 8781.98 7805.04 10352.2 3077.76 5305.07 6582.76 4686.28 3928.38 6223.97 798.499 7076.63 8474.98 4091.37 4234.87 3606.94 4321.05 1931.62 8644.9 4505.35 3450.59 9242.57 1654.16 5503.69 3586.55 6237.83 8228.18 9236.74 5957.6 6645.25 4689.23 6820.99 4155.92 6183.78 5432.36 7594.06 8359 5934.61 8115.21 4213.37 3303.43 6024.25 4865.65 5635.47 1017.08 3282.65 2964.48 2102.29 5550.99 3982.97 8487.06 5203.77 5973.86 8534.8 
4242.84 7060.22 5350.14 9443.95 7918.98 7079.63 6150.47 8445.86 7730.56 1908.73 7611.6 7792.93 7271.51 7175.25 4067.84 2472.37 6339.22 3309.14 3801.59 5906.41 7550.51 5722.95 7152.91 7603.07 5489.66 6954.8 3905.82 7056.51 2626.95 0 7280.72 7081.74 7111.51 2354.7 6545.81 3850.02 1811.34 6321.76 7601.25 6825.9 3605.74 2714.65 2922.78 7705.89 4866.29 7581.17 5160.24 896.881 3228.98 3059.89 1973.48 5977.21 5087.99 7906.48 1023.35 5903.91 4858.66 7961.96 954.876 6719.47 10209.2 2597.46 1655.8 6493.36 3440.19 6466.88 1237.45 7903.73 7741.76 10510.3 4643.22 4613.15 4998.46 7089.39 5572.03 4872.9 2722.75 7401.47 8034.19 3192.81 4508.6 3276.67 4476.86 720.427 7162.83 2089.15 2187.32 7169.34 1751.67 3063.36 966.05 5715.68 6008.21 8035.76 3425.78 7856.19 2187.92 5985.56 2471.69 4859.94 3640.13 6999.2 6419.4 3814.14 6739.84 1746.1 4748.85 7122.09 6664.94 7065.9 1624.05 5471.88 4717.14 4639.04 2928.8 5801.42 7820.56 3865.06 7461.11 8943.85 
3819.81 10255.2 10258.1 5996.69 2152.38 2099.19 2520.99 5197.85 580.97 9020.7 643.338 4721.42 11296.9 778.083 6071.87 5252.92 4105.31 7778.59 9569.76 1374.71 1809.38 10416.8 187.103 789.796 9519.19 1456.67 3439.89 4562.74 8819.48 7280.72 0 6153.74 5884.39 5064.4 7132.3 7948.54 7909.04 1369.02 1383.65 3082.58 4495.34 7527.41 7504.45 4334.74 2718.8 3879.64 3077.66 6648.06 4057.14 8324.69 9000.83 4596.61 7142.13 1372.02 7427.31 8651.28 3026 754.613 8095.61 7929.25 6198.18 5138.66 8921.15 9859.53 4691.21 2494.17 8447.67 2339.44 4690.23 6610.71 7850.31 3866.45 2292.08 10909 8207.92 2599.36 8237.61 5645.53 3693.35 4750.58 5655.33 5395.03 5459.77 7498.36 256.222 7807.45 9255.33 2289.07 7176.36 4982.48 6764.12 3600.73 2993.7 1386.09 5239.54 8058.51 7546.96 2724.44 9146.47 2644.16 3642.9 3112.8 1702.45 3748.46 852.559 5842.19 7658.75 7485.4 8976.52 8264.88 8059 9327.12 8186.6 9758.61 6213.34 8652.13 2969.69 3617.72 8577.8 6428.13 
3801.63 4903.24 6116.3 2858.72 8230.07 4138.21 3683.68 2222.67 6043.05 8864.7 6796.8 1994.62 6196.26 5410.9 3062.26 7066.23 2062.4 4773.95 6476.47 5691.96 7826.26 6046.19 5974.67 6940.01 4996.86 7247.7 5998.87 1679.7 6526.68 7081.74 6153.74 0 307.098 5307.97 1424.14 4477.38 6164.38 6630.75 7476.34 3107.8 3952.13 5059.96 4865.3 2301.25 4473.65 2659.87 3650.27 7189.28 5488.21 5535.69 7558.05 1724.39 2681 5364.2 6379.14 3607.14 4019.72 6203.87 7243.42 2205.3 3733.75 7056.35 8384.71 4732.91 7426.8 3661.23 7561.92 4404.82 1981.47 3889.17 3711.99 3344.55 5330.38 5769.81 3338.04 4694.09 5729.27 764.588 3200.52 4279.33 2573.26 3853.75 2614.43 6685.73 5897.59 8914.36 9149.24 8064.52 5613.29 7382.8 7392.73 2748.11 7956.51 5490.47 7991.54 1914.88 8854.31 3522.77 9549.6 4625.5 5636.79 3124.86 7081.64 6554.31 5334.75 7027.62 3436.68 1472.76 3498.14 2410.13 6492.1 4761.66 3998.5 6000.84 8463.07 3682.49 3725.46 4673.59 2606.64 2010.64 
3678.71 5198.86 6359.38 2651.87 7973.01 3853.8 3433.64 1953.28 5760.86 8919.25 6526.84 1692.17 6486.29 5135.94 3140.65 6988.86 1814.1 4924.97 6663.72 5462.35 7572.73 6301.02 5706.73 6672.18 5250.98 7002.47 5855.5 1380.8 6667.48 7111.51 5884.39 307.098 0 5262.36 1710.63 4653.9 6265.6 6396.91 7216.12 2824.97 3883.15 5181.53 4993.34 1994.52 4289.3 2353.6 3459.94 7180.69 5382.2 5689.43 7665.38 1543.87 2881.85 5070.99 6443.09 3877.82 3842.39 5918.24 7312.72 2504.29 3523.48 6973.55 8453.53 5017.76 7312.42 3396.21 7638.24 4103.62 1677.66 3702.71 3918.9 3212.15 5136.41 6059.94 3592.64 4507.57 5869.01 480.946 2893.46 4228.04 2616.65 3856.09 2634.73 6742.39 5628.46 8904.05 9204.45 7825.75 5690.32 7283.43 7383.46 2537.64 7753.07 5195.95 7886.53 2203.88 8833.04 3281.77 9582.77 4440.17 5507.43 2835.53 6850.75 6416.54 5072.2 6981.47 3642.71 1779.86 3792.98 2715.81 6589.15 5015.86 4215.88 6221.11 8389.48 3949.25 3421.18 4546.67 2913.5 1879.13 
1935.52 6838.52 5894.28 7336.29 6048.81 4725.02 3801.21 6311.49 5468.85 4244.47 5470.01 5637.66 7466.25 4875.75 2730.47 1857.85 4161.53 3324.76 4790.93 3711.62 5640.74 6170.03 4920.12 5488.6 5546.53 4993.48 1982.2 4925.63 3862.43 2354.7 5064.4 5307.97 5262.36 0 5175.9 3720.79 2905.21 4293.75 5598.67 4511.91 1412.97 2860.55 2936.46 5499.83 2524.23 5324.88 2819.71 2041.47 1098.48 3613.4 3937.2 3912.13 4066.55 5577.39 2363.28 5351.09 2504.99 5704.09 3060.72 5607.77 8048.09 1887.44 4001.78 6304.52 2538.73 4118.92 3422.05 5549.33 5585.37 8377.02 4129.71 2354.98 2778.5 7170.31 4918.79 2550.93 3424.26 5459.72 5740.58 1035.82 2898.5 1595.94 2780.41 2445.25 4918.9 3710.47 4514.48 5397.23 2216.11 2335.6 2230.72 3458.89 4467.39 5710.32 2952.64 6515.19 3600.9 3643.31 4654.45 2530.69 1571.66 4685.67 4497.2 2199.84 4450.34 1719.95 4093.15 5752.54 6003.87 5992.98 3015.35 5432.05 4363.39 5257.82 3202.46 5285.1 5484.22 1521.06 6400.92 6976.58 
4117.48 3494.18 4757.61 4212.37 9106.9 5248.71 4611.32 3645.19 7108.38 8188.39 7771.01 3393.83 4775.72 6436.51 2524.04 7025.48 3083.51 3773.3 5295.39 6448.57 8685.5 4659.29 6946.9 7898.76 3615.33 8064.41 6306.54 2959.28 5525.08 6545.81 7132.3 1424.14 1710.63 5175.9 0 3378.38 5336.48 7391.65 8380.73 4235.86 4008.43 4176.96 3961.21 3668.57 5039.23 3980.27 4288.37 6824.61 5633.21 4501.52 6676.92 2537.55 1580.02 6519.3 5708.49 2196.23 4574.57 7291.94 6529.54 830.745 5083.52 7041.67 7653.68 3308.89 7555.82 4669.53 6811.79 5641.13 3375.3 5193.64 2513.12 3741.13 5910.93 4349.41 1969.34 5260.69 4748.55 2186.34 4550.35 4230.08 2282.8 3588.55 2423.68 6039.52 6878.48 8525.09 8466.46 8833.05 4907.6 7439.99 7026.53 3544.69 8529.18 6654.96 8063.54 1343.32 8515.99 4411.54 8957.58 5189.18 5888.25 4292.17 7818.53 6818.72 6285.1 6840.7 2253.7 583.686 2088.44 1133.81 5674.34 3381.1 2748.04 4710.18 8375.54 2278.82 5003.37 4954.41 1457.98 3258.96 
4132.98 3257.01 2314.37 7302.98 9431.7 6705.89 5768.69 6500.99 8169.72 5123 8499.09 6011.06 3747.26 7475.56 1976.01 5358.21 4930.76 542.395 2018.98 6794.4 9001.53 2515.18 7770.31 8569.78 1829.29 8332.52 5597.76 5327.11 2164.67 3850.02 7948.54 4477.38 4653.9 3720.79 3378.38 0 2208.32 7599.85 8850.66 5945.17 3505.29 1135.94 937.006 6122.39 5259.69 6234.27 4919.59 4456.64 4703.04 1138.08 3396.53 4324 1820.77 7913.04 2843.88 2080.02 4922.54 8398.13 3495.56 3214.59 8170.42 5432.15 4530.1 2694.56 6201.9 5996.5 3700.03 7391.62 5971.9 8356.21 918.332 4112.2 5938.64 3465.29 1815.23 5419.32 1428.33 5095.13 6818.47 3365.89 2542.61 2597.66 2694.44 3180.84 7734.52 5938.35 5381.15 8891.61 2113.51 5935.67 4628.61 4791.77 8117.44 8060.83 6510.14 4481.33 6029.59 5538.73 5990.24 5361.34 5143.1 6082.23 7908.46 5905.09 7148.45 4867.51 1139.2 3863.5 2852.76 3488.97 2531.91 1734.18 881.471 1834.89 6428.38 1969.99 6969.63 4553.15 3842.9 6484.44 
4304.81 5305.83 3545.11 8811.49 8945.86 7215.29 6238.24 7886.21 8267.51 2921.28 8350.5 7292.14 5461.48 7629.75 3133.93 3931.45 5952.78 1679.34 2065.61 6584.27 8541.78 3913.39 7753.74 8377.78 3707.02 7897.62 4856.14 6553.57 976.078 1811.34 7909.04 6164.38 6265.6 2905.21 5336.48 2208.32 0 7198.81 8503.63 6712.21 3575.55 1165.8 1387.61 7296.23 5242.06 7278.87 5249.38 2605.56 3999.01 1263.96 1404.57 5454.79 3771.97 8248.84 819.418 4285.98 5071.4 8504.26 1288.56 5334.96 9640.38 4038.54 2343.31 4741.2 4891.09 6529.39 1502.76 8004.52 7245 9889.28 3093.09 4523.23 5651.96 5287.17 4015.59 5324.6 918.431 6637.79 7809.02 3227.41 3705.2 2852.02 3753.44 1091.16 7742.85 3838.57 3185.29 8271.78 745.325 4549.37 2731.7 5518.97 7252.1 8390.6 5022.66 6561.34 3976.72 6032.96 3781.97 5288.46 4470.4 6876.18 7396.53 4958.68 7228.39 3276.58 3259.84 5879.5 5059.63 5642.57 338.356 3708.42 3088.54 2835.33 4679.61 4173.68 7759.93 4292.23 6014.5 8144.65 
3553.29 10228.3 9905.79 6982.55 1833.76 2992.76 2984.44 6086.53 1949.94 7953.98 1378.2 5522.27 11155.4 1888.86 5880.82 4100.96 4585.18 7344.56 9019.78 945.273 1402.01 10112.5 1375.02 1322.42 9297.63 732.909 2417.84 5199.64 8151.19 6321.76 1369.02 6630.75 6396.91 4293.75 7391.65 7599.85 7198.81 0 1305 3790.91 4100.06 7003.49 7019.76 5160.94 2438.16 4728.34 3107.2 5603.89 3206.13 7795.56 8156.46 4943.14 7102.86 2670.66 6619.52 8615.75 2874.84 2107.37 7198.09 8134.89 7296.29 3978.59 7920.61 9781.07 3428.1 3101.72 7533.71 3482.49 5482.66 7706.75 7660.35 3765.87 1662.56 10792.2 8159.47 2238.83 7656.68 6249.14 4682.07 4249.62 5578.28 5002.88 5379.03 6638.22 1449.39 6606.06 8171.41 1442.82 6498.43 3750.7 5695.16 3899.17 1679.28 2713.64 3940.03 8470.36 6329.17 3117.04 7992.3 2306.14 2741.6 3875.95 463.101 2584.28 1606.84 4750.47 7506.92 7822.05 9045.74 8498.27 7301.11 9127.24 7977.51 9343.07 4930.97 8597.04 3999.01 3054.63 8848.56 7260.45 
4751.59 11372.6 11162.5 7368.58 769.525 3478.77 3800.33 6581.09 1765.41 9187.99 813.945 6102.34 12347.9 2161.18 7074.6 5314.56 5415.69 8615.41 10313.8 2064.32 462.706 11356.7 1539.85 640.173 10514.7 660.551 3708.14 5918.87 9455 7601.25 1383.65 7476.34 7216.12 5598.67 8380.73 8850.66 8503.63 1305 0 4443.08 5345.42 8290.68 8300.1 5716.75 3616.53 5262.19 4172.59 6858.97 4510.75 9085.01 9453.88 5864.29 8242.68 2658.18 7922.15 9759.63 4015.16 1774.58 8488.76 9157.57 7536.21 5188.55 9182.41 10946.2 4553.91 3821.07 8820.47 3693.86 6070.44 7947.87 8861.9 4903.42 2923.29 11974.7 9307.42 3439.29 8952.93 6999.17 5071.65 5522.08 6725.44 6254.3 6526.23 7935.7 1626.59 7754.98 9395.78 1096.37 7801.76 4904.99 6939.1 4836.83 2230.11 2628.98 4998.54 9367.19 7464.1 3981.74 9172.57 3501.02 4045.05 4483.41 1205.53 3818.16 2144.8 5990.76 8693.99 8765.85 10142.7 9506.45 8605.72 10336.6 9186.8 10613.9 5999.85 9749.24 4345.75 4329.51 9835.96 7811.7 
2584.54 7597.2 8116.55 3305.74 5209.61 1030.81 924.955 2334.54 2935.96 8733.51 3720.69 1734.4 8770.23 2320.05 3975.53 5726.37 1164.97 5965.12 7862.46 2925.7 4828.2 8181.8 2911.07 3872.35 7181.3 4309.04 4085.87 1480.43 7436.08 6825.9 3082.58 3107.8 2824.97 4511.91 4235.86 5945.17 6712.21 3790.91 4443.08 0 3241.52 5935.04 5828.08 1388.75 2350.03 998.266 1716.63 6536.26 4036.64 6664.84 8049.19 1778.81 4648.49 2284.31 6534.51 6061.63 2104.18 3096.64 7372.56 5062.4 3804.46 5662.19 8427.81 7284.67 5683.67 700.806 7737.29 1476.82 1693.36 4189.63 5557.31 2231.79 2957.5 8356.91 5659.17 2499.57 6701.43 2563.47 1246.47 3648.36 3404.45 3860.28 3251.76 6737.3 2828.76 8121.66 9009.22 5160.17 5986.47 5794.03 6715.27 1198.32 5335.62 2419.16 6304.93 5022.63 7954.52 954.438 9164.06 2458.01 3916.54 173.76 4253.97 4643.71 2308.76 6008.6 5313.63 4508.13 6233.47 5360.64 6966.18 6962.05 5903.07 7762.17 7061.32 6091.15 1051.01 3151.79 5632.9 3471.75 
729.935 6241.94 5817.45 5928.79 5933.67 3644.79 2670.89 4907.46 4780.59 5513.66 5017.29 4237.45 7083.5 4112.1 1861.79 3114.65 2764.34 3289.86 5080.31 3291.88 5502 6014.22 4324.11 5079.11 5205.27 4832.95 2364.81 3518.39 4408.56 3605.74 4495.34 3952.13 3883.15 1412.97 4008.43 3505.29 3575.55 4100.06 5345.42 3241.52 0 3039.18 3009.32 4118.35 1777.9 3976.3 1675.2 3433.76 1625.51 3834.15 4850.49 2499.72 3197.19 4684.83 3306 4653.74 1516.89 5015.53 4133.16 4561.96 6653.18 3108.09 5188.37 5758.24 3552.18 2970.43 4498.61 4444.58 4185.36 6975.28 3591.97 1011.79 2437.5 6734.76 4197 1921.17 3768.04 4057.4 4432.13 413.091 1765.54 910.132 1597.03 3497.31 4298.13 5121.34 5793.04 5427.34 2831.39 3460.99 3628.53 2109.98 4792.72 4828.41 4080.24 5317.31 5013.68 2474.06 6007.25 1866.6 1919.06 3413.25 4426.22 2835.33 3739.23 3113.54 3466.29 4563.01 5196.23 4950.72 3793.78 5042.14 3896.41 5281.72 4511.03 4615.65 4263.76 1093.83 5348.96 5566.85 
3748.05 4375.44 3043.02 7773.03 8812.86 6558.28 5585.78 6883.35 7819.37 4073.66 8029.84 6320.82 4747.51 7147.11 2105.8 4339.14 5061.25 598.286 2042.4 6277.09 8391.31 3340.64 7358.73 8080.3 2867.82 7728.01 4824.54 5594.38 1530.61 2714.65 7527.41 5059.96 5181.53 2860.55 4176.96 1135.94 1165.8 7003.49 8290.68 5935.04 3039.18 0 223.747 6363.7 4809.14 6395.26 4642.93 3334.17 3923.76 798.03 2511.09 4514.31 2607.7 7683.94 1714.44 3197.66 4549.21 8054.04 2419.28 4172.22 8617.9 4423.81 3506.14 3809.77 5229.05 5852.52 2663.45 7309.16 6276.09 8847.09 1959.96 3858.04 5371.66 4506.48 2890.93 4934.04 766.405 5576.14 6951.73 2784.51 2705.43 2170.6 2790.58 2054.2 7334.95 4803.47 4342.26 8209.84 981.169 4936.01 3501.62 4738.94 7326.8 7829.86 5486.06 5395.55 4893.77 5365.68 4910.39 4885.56 4388.39 6089.74 7265.47 5056.62 6778.36 3798.39 2106.74 4715.79 3965.05 4485.24 1503.98 2813.16 2004.67 2397.28 5336.43 3092.18 6984.81 3964.82 4862.15 7057.79 
