0.00 3715.22 10071.05 4251.37 1774.13 9222.03 6747.24 2164.08 9955.80 8816.89 10110.29 9398.86 11704.67 9314.04 3104.79 9109.00 8633.44 9105.62 7457.37 6503.42 
3715.22 0.00 7840.44 1100.11 3816.31 6542.95 5133.93 4088.57 9971.85 5313.02 8613.35 9250.05 9213.05 5926.40 3499.32 5666.53 8246.22 8670.94 5308.75 3557.65 
10071.05 7840.44 0.00 6744.59 8687.81 1726.37 3394.72 8516.08 6092.74 4911.26 2124.32 5435.73 1753.77 4271.40 7157.10 4559.91 4650.08 4631.93 2634.09 4383.08 
4251.37 1100.11 6744.59 0.00 3874.44 5480.87 4074.65 4050.10 9068.81 4566.79 7529.27 8328.86 8140.39 5093.89 3120.41 4870.73 7301.48 7710.92 4209.31 2509.87 
1774.13 3816.31 8687.81 3874.44 0.00 8051.64 5299.56 414.50 8181.67 8216.08 8511.41 7628.36 10382.98 8582.22 1531.85 8434.91 6881.31 7353.58 6149.04 5634.36 
9222.03 6542.95 1726.37 5480.87 8051.64 0.00 3112.59 7956.47 7272.32 3194.74 3634.22 6543.54 2680.67 2600.94 6568.21 2864.15 5601.95 5711.77 2019.03 2986.50 
6747.24 5133.93 3394.72 4074.65 5299.56 3112.59 0.00 5121.42 5387.61 4960.59 3522.93 4609.56 5116.40 4825.15 3767.73 4891.48 3540.04 3868.99 1116.43 2641.35 
2164.08 4088.57 8516.08 4050.10 414.50 7956.47 5121.42 0.00 7799.09 8283.29 8251.85 7258.24 10228.05 8613.19 1388.34 8481.94 6533.90 7005.74 6018.37 5651.37 
9955.80 9971.85 6092.74 9068.81 8181.67 7272.32 5387.61 7799.09 0.00 10077.89 4060.85 779.44 7378.80 9721.43 7081.17 9892.38 1847.86 1584.57 6087.30 8026.35 
8816.89 5313.02 4911.26 4566.79 8216.08 3194.74 4960.59 8283.29 10077.89 0.00 6778.98 9309.82 5379.95 819.29 7028.02 460.53 8277.39 8493.88 4025.53 2737.07 
10110.29 8613.35 2124.32 7529.27 8511.41 3634.22 3522.93 8251.85 4060.85 6778.98 0.00 3476.63 3330.79 6233.53 7021.20 6483.45 2900.05 2742.20 3416.91 5553.36 
9398.86 9250.05 5435.73 8328.86 7628.36 6543.54 4609.56 7258.24 779.44 9309.82 3476.63 0.00 6807.11 8966.01 6456.39 9130.90 1069.55 831.91 5312.04 7247.51 
11704.67 9213.05 1753.77 8140.39 10382.98 2680.67 5116.40 10228.05 7378.80 5379.95 3330.79 6807.11 0.00 4600.93 8857.21 4948.47 6159.53 6057.06 4251.83 5662.13 
9314.04 5926.40 4271.40 5093.89 8582.22 2600.94 4825.15 8613.19 9721.43 819.29 6233.53 8966.01 4600.93 0.00 7305.98 360.15 7961.79 8139.24 3794.76 2965.46 
3104.79 3499.32 7157.10 3120.41 1531.85 6568.21 3767.73 1388.34 7081.17 7028.02 7021.20 6456.39 8857.21 7305.98 0.00 7196.11 5610.03 6078.93 4634.66 4341.41 
9109.00 5666.53 4559.91 4870.73 8434.91 2864.15 4891.48 8481.94 9892.38 460.53 6483.45 9130.90 4948.47 360.15 7196.11 0.00 8113.45 8308.12 3899.21 2861.18 
8633.44 8246.22 4650.08 7301.48 6881.31 5601.95 3540.04 6533.90 1847.86 8277.39 2900.05 1069.55 6159.53 7961.79 5610.03 8113.45 0.00 472.31 4264.47 6178.50 
9105.62 8670.94 4631.93 7710.92 7353.58 5711.77 3868.99 7005.74 1584.57 8493.88 2742.20 831.91 6057.06 8139.24 6078.93 8308.12 472.31 0.00 4511.78 6491.88 
7457.37 5308.75 2634.09 4209.31 6149.04 2019.03 1116.43 6018.37 6087.30 4025.53 3416.91 5312.04 4251.83 3794.76 4634.66 3899.21 4264.47 4511.78 0.00 2153.77 
6503.42 3557.65 4383.08 2509.87 5634.36 2986.50 2641.35 5651.37 8026.35 2737.07 5553.36 7247.51 5662.13 2965.46 4341.41 2861.18 6178.50 6491.88 2153.77 0.00 
